<CoordinateSystem> { Z-up } 
  <Group> Armature {
    <Dart> { 1 }
    <Joint> joint1 {
      <Transform> {
        <Matrix4> {
          0.4716998338699341 -0.8817591667175293 -1.4365680556238658e-07 0.0 
          0.0 -1.6292068494294654e-07 1.0 0.0 
          -0.8817591667175293 -0.4716998338699341 -7.684965908083541e-08 0.0 
          0.0 0.0 0.0 1.0 
        }
      }
      <Joint> joint2 {
        <Transform> {
          <Matrix4> {
            0.9332820177078247 0.0 -0.35914430022239685 0.0 
            0.0 1.0 0.0 0.0 
            0.35914430022239685 0.0 0.9332820177078247 0.0 
            -6.617444900424222e-24 3.0 2.220446578645905e-16 1.0 
          }
        }
        <Joint> joint3 {
          <Transform> {
            <Matrix4> {
              0.7569079399108887 0.0 -0.6535215973854065 0.0 
              0.0 1.0 0.0 0.0 
              0.6535215973854065 0.0 0.7569079399108887 0.0 
              5.293955920339377e-23 2.999999761581421 -6.661339206542123e-16 1.0 
            }
          }
        }
      }
    }
  }
