<CoordinateSystem> { Z-up } 
  <Group> Armature {
    <Dart> { 1 }
    <Joint> hip {
      <Transform> {
        <Matrix4> {
          1.0 0.0 0.0 0.0 
          0.0 -1.6292068494294654e-07 1.0 0.0 
          0.0 -1.0 -1.6292068494294654e-07 0.0 
          0.0 -1.2465710597098223e-06 7.651398181915283 1.0 
        }
      }
      <Joint> right_thigh {
        <Transform> {
          <Matrix4> {
            0.18427163362503052 -0.9824627041816711 0.028477156534790993 0.0 
            -4.0978193283081055e-08 0.028973307460546494 0.9995800852775574 0.0 
            -0.9828753471374512 -0.18419426679611206 0.005339009687304497 0.0 
            0.0 -1.0 0.75 1.0 
          }
        }
        <Joint> right_calf {
          <Transform> {
            <Matrix4> {
              0.892812192440033 -0.0333840437233448 0.4488659203052521 0.0 
              -0.037371937185525894 -0.9993011951446533 -8.102506399154663e-08 0.0 
              0.44861772656440735 -0.016777370125055313 -0.8935663104057312 0.0 
              3.5 -2.5158755079246475e-07 -1.317821443080902e-07 1.0 
            }
          }
          <Joint> right_foot {
            <Transform> {
              <Matrix4> {
                -0.285432904958725 -0.017916979268193245 0.9582313299179077 0.0 
                -0.9582855701446533 -0.010037540458142757 -0.2856367528438568 0.0 
                0.014736028388142586 -0.9997891187667847 -0.014304548501968384 0.0 
                3.0 -7.82310962677002e-08 1.126900315284729e-07 1.0 
              }
            }
            <Joint> right_toes {
              <Transform> {
                <Matrix4> {
                  0.8415461182594299 0.539793074131012 0.02058005891740322 0.0 
                  -0.5326613187789917 0.8355587124824524 -0.13458693027496338 0.0 
                  -0.0898449644446373 0.10229891538619995 0.9906880259513855 0.0 
                  1.3961955308914185 0.046090252697467804 0.19654111564159393 1.0 
                }
              }
            }
          }
        }
      }
      <Joint> left_thigh {
        <Transform> {
          <Matrix4> {
            -0.28469905257225037 0.9582144618034363 0.027774319052696228 0.0 
            4.470348358154297e-08 -0.028973311185836792 0.9995803236961365 0.0 
            0.9586169123649597 0.2845795154571533 0.008248597383499146 0.0 
            0.0 -1.0 -0.75 1.0 
          }
        }
        <Joint> left_calf {
          <Transform> {
            <Matrix4> {
              0.15713632106781006 -0.005870342720299959 0.9873939156532288 0.0 
              -0.03737176954746246 -0.9993012547492981 1.1338852345943451e-07 0.0 
              0.9868655204772949 -0.03690671920776367 -0.15727166831493378 0.0 
              -3.499999761581421 2.483884316006879e-07 -1.5459954738616943e-07 1.0 
            }
          }
          <Joint> left_foot {
            <Transform> {
              <Matrix4> {
                -0.12202779203653336 0.0010242913849651814 0.9925262331962585 0.0 
                -0.9924911856651306 0.008340411819517612 -0.12203197181224823 0.0 
                -0.00840306282043457 -0.9999647736549377 -1.1548399925231934e-06 0.0 
                -2.9999964237213135 -1.9017606973648071e-06 1.862645149230957e-07 1.0 
              }
            }
            <Joint> left_toes {
              <Transform> {
                <Matrix4> {
                  0.8415461778640747 0.539793074131012 0.020579908043146133 0.0 
                  -0.5326611399650574 0.8355587720870972 -0.13458694517612457 0.0 
                  -0.08984479308128357 0.10229900479316711 0.9906880259513855 0.0 
                  -1.396200180053711 -0.04609043151140213 -0.19654305279254913 1.0 
                }
              }
            }
          }
        }
      }
    }
  }
