<CoordinateSystem> { Z-up } 
  <Group> Armature {
    <Dart> { 1 }
    <Joint> hip {
      <Transform> {
        <Matrix4> {
          1.0 0.0 0.0 0.0 
          0.0 -1.6292068494294654e-07 1.0 0.0 
          0.0 -1.0 -1.6292068494294654e-07 0.0 
          0.0 -1.2197575394168325e-08 0.07486817985773087 1.0 
        }
      }
      <Joint> right_thigh {
        <Transform> {
          <Matrix4> {
            -0.2618267834186554 -0.9647096991539001 0.027962559834122658 0.0 
            -4.284083843231201e-08 0.028973300009965897 0.9995800256729126 0.0 
            -0.9651148319244385 0.2617168426513672 -0.007585931569337845 0.0 
            0.0 -1.0 0.75 1.0 
          }
        }
        <Joint> right_calf {
          <Transform> {
            <Matrix4> {
              0.8735172748565674 -0.03266884759068489 0.4857485890388489 0.0 
              -0.03737194836139679 -0.9993014931678772 -6.041955202817917e-08 0.0 
              0.48539677262306213 -0.018152855336666107 -0.8741054534912109 0.0 
              3.499999761581421 -8.884290991773014e-07 3.1385570764541626e-07 1.0 
            }
          }
          <Joint> right_foot {
            <Transform> {
              <Matrix4> {
                -0.19944047927856445 0.001676215324550867 0.9799084067344666 0.0 
                -0.9798738360404968 0.008234292268753052 -0.19944752752780914 0.0 
                -0.008403182029724121 -0.9999646544456482 2.385932020843029e-07 0.0 
                2.999999523162842 2.253800630569458e-07 1.234002411365509e-07 1.0 
              }
            }
            <Joint> right_toes {
              <Transform> {
                <Matrix4> {
                  0.8415445685386658 0.5397950410842896 0.020597508177161217 0.0 
                  -0.5326613187789917 0.8355588316917419 -0.13458694517612457 0.0 
                  -0.08985977619886398 0.10228944569826126 0.9906877875328064 0.0 
                  1.396195650100708 0.0460900254547596 0.19654110074043274 1.0 
                }
              }
            }
          }
        }
      }
      <Joint> left_thigh {
        <Transform> {
          <Matrix4> {
            -0.3615117371082306 0.9319761395454407 0.02701379545032978 0.0 
            4.470348358154297e-08 -0.02897331491112709 0.9995802044868469 0.0 
            0.9323675632476807 0.36135998368263245 0.010474126785993576 0.0 
            0.0 -1.0 -0.75 1.0 
          }
        }
        <Joint> left_calf {
          <Transform> {
            <Matrix4> {
              0.9796841740608215 -0.03663873299956322 0.19724459946155548 0.0 
              -0.03737185522913933 -0.9993014335632324 7.729977369308472e-08 0.0 
              0.19710394740104675 -0.007371364627033472 -0.980354905128479 0.0 
              -3.499999761581421 -2.7042671035815147e-07 -3.3248215913772583e-07 1.0 
            }
          }
          <Joint> left_foot {
            <Transform> {
              <Matrix4> {
                -0.16658823192119598 0.0014002635143697262 0.9860256910324097 0.0 
                -0.9859908819198608 0.008285626769065857 -0.16659405827522278 0.0 
                -0.00840312335640192 -0.9999647736549377 3.584427759051323e-07 0.0 
                -2.9999959468841553 -9.350478649139404e-07 -2.5331974029541016e-07 1.0 
              }
            }
            <Joint> left_toes {
              <Transform> {
                <Matrix4> {
                  0.8415446877479553 0.5397948622703552 0.020596524700522423 0.0 
                  -0.5326612591743469 0.8355587124824524 -0.13458681106567383 0.0 
                  -0.08985887467861176 0.1022898256778717 0.9906878471374512 0.0 
                  -1.3962013721466064 -0.04608895257115364 -0.19654296338558197 1.0 
                }
              }
            }
          }
        }
      }
    }
  }
