<CoordinateSystem> { Z-up } 
  <Group> Armature {
    <Dart> { 1 }
    <Joint> Hips {
      <Transform> {
        <Matrix4> {
          0.00999431312084198 0.00033402140252292156 4.601402906700969e-05 0.0 
          -3.4659853554330766e-05 -0.00033971024095080793 0.00999416783452034 0.0 
          0.00033538974821567535 -0.009988644160330296 -0.00033835938666015863 0.0 
          0.0002022499975282699 0.000341964972903952 0.9516210556030273 1.0 
        }
      }
      <Joint> Spine {
        <Transform> {
          <Matrix4> {
            0.9997259378433228 -0.007873419672250748 0.022050993517041206 0.0 
            0.005689457058906555 0.9952282905578613 0.09740840643644333 0.0 
            -0.02271271124482155 -0.09725625813007355 0.9950003027915955 0.0 
            -2.0489096641540527e-07 9.226309776306152 1.577102541923523 1.0 
          }
        }
        <Joint> Spine1 {
          <Transform> {
            <Matrix4> {
              0.9988978505134583 0.01918889209628105 0.042836301028728485 0.0 
              -0.017411166802048683 0.998987078666687 -0.04149472713470459 0.0 
              -0.04358914867043495 0.04070316255092621 0.9982199668884277 0.0 
              3.725290298461914e-09 16.25484275817871 1.0509975254535675e-06 1.0 
            }
          }
          <Joint> Spine2 {
            <Transform> {
              <Matrix4> {
                0.9988470077514648 0.017516395077109337 0.04469740763306618 0.0 
                -0.023461241275072098 0.9904097318649292 0.1361551135778427 0.0 
                -0.041883815079927444 -0.13704678416252136 0.989678680896759 0.0 
                1.1920928955078125e-07 13.70068073272705 -1.2258533388376236e-07 1.0 
              }
            }
            <Joint> Neck {
              <Transform> {
                <Matrix4> {
                  0.9993998408317566 -0.005036379210650921 -0.03427458181977272 0.0 
                  0.011810323223471642 0.9796384572982788 0.20042261481285095 0.0 
                  0.03256728872656822 -0.2007071077823639 0.9791098833084106 0.0 
                  -2.294778823852539e-06 13.877396583557129 -4.354179859161377 1.0 
                }
              }
              <Joint> Neck1 {
                <Transform> {
                  <Matrix4> {
                    1.0 1.0170042514801025e-06 -4.888512194156647e-06 0.0 
                    -1.0225921869277954e-06 0.9999999403953552 -0.0003482747124508023 0.0 
                    4.891306161880493e-06 0.00034824549220502377 0.9999999403953552 0.0 
                    -7.152557373046875e-07 4.437889575958252 -2.3562461137771606e-06 1.0 
                  }
                }
                <Joint> Head {
                  <Transform> {
                    <Matrix4> {
                      0.9961414337158203 -0.05233396962285042 -0.07045003026723862 0.0 
                      0.03231534734368324 0.9650735259056091 -0.25997817516326904 0.0 
                      0.08159518241882324 0.25669845938682556 0.9630409479141235 0.0 
                      7.748603820800781e-07 4.117126941680908 -2.2221356630325317e-06 1.0 
                    }
                  }
                  <Joint> HeadTop_End {
                    <Transform> {
                      <Matrix4> {
                        1.0 -7.290509529411793e-08 -1.953309401869774e-05 0.0 
                        -3.1548552215099335e-08 0.9999856948852539 -0.005346423946321011 0.0 
                        1.9531697034835815e-05 0.005346416961401701 0.9999857544898987 0.0 
                        1.4901161193847656e-08 23.030031204223633 2.8330832719802856e-06 1.0 
                      }
                    }
                  }
                }
              }
            }
            <Joint> LeftShoulder {
              <Transform> {
                <Matrix4> {
                  -0.301664263010025 -0.8534033894538879 0.4250901937484741 0.0 
                  0.9435855746269226 -0.3310927748680115 0.0049171471036970615 0.0 
                  0.1365479826927185 0.4025922119617462 0.9051377773284912 0.0 
                  6.144193649291992 10.187002182006836 -3.7931859493255615 1.0 
                }
              }
              <Joint> LeftArm {
                <Transform> {
                  <Matrix4> {
                    0.49251607060432434 -0.367843359708786 0.7887452840805054 0.0 
                    0.8008968830108643 0.5462237596511841 -0.24536411464214325 0.0 
                    -0.34057581424713135 0.7525495290756226 0.563628613948822 0.0 
                    1.2218952178955078e-05 12.498610496520996 -3.2186508178710938e-06 1.0 
                  }
                }
                <Joint> LeftForeArm {
                  <Transform> {
                    <Matrix4> {
                      0.34564679861068726 -0.10595637559890747 -0.9323635101318359 0.0 
                      0.1871752142906189 0.9814222455024719 -0.04214170575141907 0.0 
                      0.9195074439048767 -0.1599491536617279 0.35905787348747253 0.0 
                      -3.933906555175781e-06 27.687007904052734 1.5497207641601562e-06 1.0 
                    }
                  }
                  <Joint> LeftHand {
                    <Transform> {
                      <Matrix4> {
                        0.12533965706825256 0.9657016396522522 -0.22739990055561066 0.0 
                        -0.7218162417411804 0.24601157009601593 0.6468847393989563 0.0 
                        0.6806405186653137 0.08306051790714264 0.727894127368927 0.0 
                        5.960464477539062e-07 27.873790740966797 7.152557373046875e-07 1.0 
                      }
                    }
                    <Joint> LeftHandThumb1 {
                      <Transform> {
                        <Matrix4> {
                          -0.4843656122684479 -0.2428489476442337 0.8404848575592041 0.0 
                          0.8696700930595398 -0.23819926381111145 0.43235987424850464 0.0 
                          0.095204658806324 0.9403647184371948 0.3265741169452667 0.0 
                          2.3785061836242676 -1.0028924942016602 2.6208925247192383 1.0 
                        }
                      }
                      <Joint> LeftHandThumb2 {
                        <Transform> {
                          <Matrix4> {
                            0.85777348279953 0.18651096522808075 -0.47899723052978516 0.0 
                            -0.1998976767063141 0.9795363545417786 0.02343929558992386 0.0 
                            0.47356685996055603 0.07564481347799301 0.8775034546852112 0.0 
                            -2.2649765014648438e-06 4.513984680175781 2.1457672119140625e-06 1.0 
                          }
                        }
                        <Joint> LeftHandThumb3 {
                          <Transform> {
                            <Matrix4> {
                              -0.8945463299751282 -0.2171858549118042 0.3906627297401428 0.0 
                              -0.10268686711788177 0.9504940509796143 0.2932853400707245 0.0 
                              -0.4350200891494751 0.22224140167236328 -0.8725631833076477 0.0 
                              1.2516975402832031e-06 5.178689956665039 4.76837158203125e-07 1.0 
                            }
                          }
                          <Joint> LeftHandThumb4 {
                            <Transform> {
                              <Matrix4> {
                                0.4776248037815094 0.8784586787223816 0.013594776391983032 0.0 
                                0.641030490398407 -0.33786818385124207 -0.6891481280326843 0.0 
                                -0.6007949113845825 0.3378688097000122 -0.7244929671287537 0.0 
                                1.1920928955078125e-06 2.959723472595215 -1.9073486328125e-06 1.0 
                              }
                            }
                          }
                        }
                      }
                    }
                    <Joint> LeftHandMiddle1 {
                      <Transform> {
                        <Matrix4> {
                          -0.27440980076789856 -0.6461552381515503 -0.7121680974960327 0.0 
                          0.9164100289344788 -0.4001179337501526 0.00992247462272644 0.0 
                          -0.2913625240325928 -0.6499148607254028 0.7019392848014832 0.0 
                          10.463892936706543 0.6147980690002441 0.4297771453857422 1.0 
                        }
                      }
                      <Joint> LeftHandMiddle2 {
                        <Transform> {
                          <Matrix4> {
                            0.9846908450126648 -0.15762893855571747 0.07441234588623047 0.0 
                            0.14544741809368134 0.9782887697219849 0.14763516187667847 0.0 
                            -0.09606833755970001 -0.13455192744731903 0.9862386584281921 0.0 
                            4.082918167114258e-06 5.792110919952393 3.9405422285199165e-06 1.0 
                          }
                        }
                        <Joint> LeftHandMiddle3 {
                          <Transform> {
                            <Matrix4> {
                              0.9827766418457031 -0.17756468057632446 -0.051195330917835236 0.0 
                              0.18349899351596832 0.9704605340957642 0.15663565695285797 0.0 
                              0.021870024502277374 -0.16333210468292236 0.9863287210464478 0.0 
                              -3.933906555175781e-06 3.713198184967041 6.556510925292969e-07 1.0 
                            }
                          }
                          <Joint> LeftHandMiddle4 {
                            <Transform> {
                              <Matrix4> {
                                -7.972121238708496e-07 0.9999999403953552 3.904104232788086e-06 0.0 
                                -0.7361656427383423 2.0265579223632812e-06 -0.6768011450767517 0.0 
                                -0.6768011450767517 -3.3527612686157227e-06 0.7361657619476318 0.0 
                                9.5367431640625e-07 2.299997568130493 -3.5762786865234375e-07 1.0 
                              }
                            }
                          }
                        }
                      }
                    }
                    <Joint> LeftHandIndex1 {
                      <Transform> {
                        <Matrix4> {
                          -0.22286809980869293 -0.9702264070510864 -0.09481845796108246 0.0 
                          0.9602285027503967 -0.23526689410209656 0.1503683626651764 0.0 
                          -0.16819900274276733 -0.05753500387072563 0.9840726852416992 0.0 
                          10.39449691772461 0.6148040294647217 2.7054779529571533 1.0 
                        }
                      }
                      <Joint> LeftHandIndex2 {
                        <Transform> {
                          <Matrix4> {
                            0.9649778008460999 -0.26115748286247253 0.02478776127099991 0.0 
                            0.2605523467063904 0.9651316404342651 0.025172650814056396 0.0 
                            -0.03049745410680771 -0.017832573503255844 0.9993757009506226 0.0 
                            -4.76837158203125e-07 5.549295425415039 2.86102294921875e-06 1.0 
                          }
                        }
                        <Joint> LeftHandIndex3 {
                          <Transform> {
                            <Matrix4> {
                              0.9652817249298096 -0.2612099051475525 0.000635465607047081 0.0 
                              0.2611575126647949 0.9651315212249756 0.017832331359386444 0.0 
                              -0.005271334201097488 -0.01704723760485649 0.9998406767845154 0.0 
                              4.112720489501953e-06 3.3910975456237793 -4.76837158203125e-07 1.0 
                            }
                          }
                          <Joint> LeftHandIndex4 {
                            <Transform> {
                              <Matrix4> {
                                1.296401023864746e-06 1.0 3.7569552659988403e-06 0.0 
                                -0.997894287109375 1.564621925354004e-06 -0.06486150622367859 0.0 
                                -0.06486155837774277 -3.6368146538734436e-06 0.9978942275047302 0.0 
                                1.9818544387817383e-06 2.4999985694885254 -1.296401023864746e-06 1.0 
                              }
                            }
                          }
                        }
                      }
                    }
                    <Joint> LeftHandRing1 {
                      <Transform> {
                        <Matrix4> {
                          -0.26004594564437866 -0.5022435188293457 -0.8246986865997314 0.0 
                          0.909220814704895 -0.41492292284965515 -0.034008562564849854 0.0 
                          -0.32510578632354736 -0.7586768269538879 0.5645492672920227 0.0 
                          10.325196266174316 0.3210911154747009 -1.8755195140838623 1.0 
                        }
                      }
                      <Joint> LeftHandRing2 {
                        <Transform> {
                          <Matrix4> {
                            0.9766592979431152 -0.20893511176109314 0.049824222922325134 0.0 
                            0.18775725364685059 0.9431034326553345 0.2744140923023224 0.0 
                            -0.10432413965463638 -0.25865429639816284 0.9603199362754822 0.0 
                            5.7220458984375e-06 5.445196151733398 1.1622905731201172e-06 1.0 
                          }
                        }
                        <Joint> LeftHandRing3 {
                          <Transform> {
                            <Matrix4> {
                              0.9066846966743469 -0.09831410646438599 -0.41019147634506226 0.0 
                              0.22945477068424225 0.9309466481208801 0.2840575873851776 0.0 
                              0.35393956303596497 -0.3516710698604584 0.8666337728500366 0.0 
                              2.6226043701171875e-06 3.7131946086883545 -3.725290298461914e-07 1.0 
                            }
                          }
                          <Joint> LeftHandRing4 {
                            <Transform> {
                              <Matrix4> {
                                -4.0084123611450195e-06 0.9999999403953552 2.16066837310791e-06 0.0 
                                -0.2694920599460602 1.043081283569336e-06 -0.9630025625228882 0.0 
                                -0.963002622127533 -4.414469003677368e-06 0.269491970539093 0.0 
                                -1.1920928955078125e-06 1.999995231628418 -4.51505184173584e-06 1.0 
                              }
                            }
                          }
                        }
                      }
                    }
                    <Joint> LeftHandPinky1 {
                      <Transform> {
                        <Matrix4> {
                          -0.322852224111557 -0.4348389506340027 -0.8406442999839783 0.0 
                          0.8539559245109558 -0.5168004035949707 -0.060639455914497375 0.0 
                          -0.4080764949321747 -0.7374502420425415 0.5381832122802734 0.0 
                          10.012995719909668 -0.07831433415412903 -3.967118263244629 1.0 
                        }
                      }
                      <Joint> LeftHandPinky2 {
                        <Transform> {
                          <Matrix4> {
                            0.9865633249282837 -0.15620705485343933 -0.04787436127662659 0.0 
                            0.16329427063465118 0.9521886110305786 0.25820863246917725 0.0 
                            0.005251387134194374 -0.2625567615032196 0.9649022817611694 0.0 
                            -9.5367431640625e-07 3.676299571990967 1.2218952178955078e-06 1.0 
                          }
                        }
                        <Joint> LeftHandPinky3 {
                          <Transform> {
                            <Matrix4> {
                              0.8892508745193481 -0.019872337579727173 -0.4569880962371826 0.0 
                              0.15620723366737366 0.9521888494491577 0.2625563442707062 0.0 
                              0.42992132902145386 -0.304863303899765 0.84983891248703 0.0 
                              0.0 2.811305046081543 1.966021955013275e-06 1.0 
                            }
                          }
                          <Joint> LeftHandPinky4 {
                            <Transform> {
                              <Matrix4> {
                                -2.1457672119140625e-06 1.0000001192092896 1.3783574104309082e-06 0.0 
                                -0.06530765444040298 1.2442469596862793e-06 -0.9978654980659485 0.0 
                                -0.9978653788566589 -2.2239983081817627e-06 0.06530749052762985 0.0 
                                4.291534423828125e-06 2.90000057220459 4.1425228118896484e-06 1.0 
                              }
                            }
                          }
                        }
                      }
                    }
                  }
                }
              }
            }
            <Joint> RightShoulder {
              <Transform> {
                <Matrix4> {
                  -0.27745088934898376 0.8406650424003601 -0.4650842547416687 0.0 
                  -0.9326137900352478 -0.3519434332847595 -0.07979617267847061 0.0 
                  -0.2307651787996292 0.4116043746471405 0.881662905216217 0.0 
                  -6.140196800231934 10.186989784240723 -3.793184518814087 1.0 
                }
              }
              <Joint> RightArm {
                <Transform> {
                  <Matrix4> {
                    0.5575404763221741 0.7768536806106567 0.2926550507545471 0.0 
                    -0.8042646646499634 0.5928245186805725 -0.04144085571169853 0.0 
                    -0.2056865692138672 -0.2122671753168106 0.9553197026252747 0.0 
                    6.362795829772949e-06 12.502562522888184 3.6954879760742188e-06 1.0 
                  }
                }
                <Joint> RightForeArm {
                  <Transform> {
                    <Matrix4> {
                      -0.22928117215633392 -0.37802720069885254 0.8969533443450928 0.0 
                      -0.20886972546577454 0.9191439151763916 0.3339877426624298 0.0 
                      -0.950685977935791 -0.11076938360929489 -0.28970077633857727 0.0 
                      -7.137656211853027e-06 27.687021255493164 -2.0265579223632812e-06 1.0 
                    }
                  }
                  <Joint> RightHand {
                    <Transform> {
                      <Matrix4> {
                        0.0634559690952301 -0.9891357421875 -0.13260507583618164 0.0 
                        0.33444857597351074 0.14626652002334595 -0.93099445104599 0.0 
                        0.9402755498886108 0.014727674424648285 0.3400961458683014 0.0 
                        -1.9073486328125e-06 27.873796463012695 -4.76837158203125e-07 1.0 
                      }
                    }
                    <Joint> RightHandThumb1 {
                      <Transform> {
                        <Matrix4> {
                          0.19085370004177094 -0.8466697931289673 -0.49671444296836853 0.0 
                          -0.8307107090950012 -0.40889403223991394 0.3777901828289032 0.0 
                          -0.5229669213294983 0.34052348136901855 -0.7813765406608582 0.0 
                          -2.51780104637146 -0.9366970062255859 2.513699531555176 1.0 
                        }
                      }
                      <Joint> RightHandThumb2 {
                        <Transform> {
                          <Matrix4> {
                            0.9667218923568726 0.1032695546746254 -0.23406048119068146 0.0 
                            -0.010525703430175781 0.9301875233650208 0.36693355441093445 0.0 
                            0.2556133270263672 -0.3522590398788452 0.9003196954727173 0.0 
                            2.384185791015625e-06 4.542736530303955 7.152557373046875e-07 1.0 
                          }
                        }
                        <Joint> RightHandThumb3 {
                          <Transform> {
                            <Matrix4> {
                              0.2658675014972687 0.07591869682073593 -0.9610154628753662 0.0 
                              -0.3119657635688782 0.9500266909599304 -0.011255595833063126 0.0 
                              0.9121358394622803 0.30279648303985596 0.2762652337551117 0.0 
                              -2.2649765014648438e-06 5.093264579772949 0.0 1.0 
                            }
                          }
                          <Joint> RightHandThumb4 {
                            <Transform> {
                              <Matrix4> {
                                0.4461960792541504 -0.8784592747688293 0.17093323171138763 0.0 
                                -0.32709744572639465 -0.3378673493862152 -0.8825263977050781 0.0 
                                0.8330163955688477 0.3378679156303406 -0.43809694051742554 0.0 
                                1.9073486328125e-06 2.959725856781006 -9.5367431640625e-07 1.0 
                              }
                            }
                          }
                        }
                      }
                    }
                    <Joint> RightHandIndex1 {
                      <Transform> {
                        <Matrix4> {
                          0.27219170331954956 -0.9434607028961182 -0.18919190764427185 0.0 
                          -0.9421619772911072 -0.3012675642967224 0.14686335623264313 0.0 
                          -0.19555720686912537 0.1382744014263153 -0.9708951711654663 0.0 
                          -10.466503143310547 0.48957252502441406 2.711994171142578 1.0 
                        }
                      }
                      <Joint> RightHandIndex2 {
                        <Transform> {
                          <Matrix4> {
                            0.5049710273742676 -0.1468883454799652 0.8505458235740662 0.0 
                            0.3962816596031189 0.9148711562156677 -0.07727603614330292 0.0 
                            -0.766788899898529 0.37607792019844055 0.5201925039291382 0.0 
                            9.5367431640625e-07 5.376798629760742 -1.9073486328125e-06 1.0 
                          }
                        }
                        <Joint> RightHandIndex3 {
                          <Transform> {
                            <Matrix4> {
                              0.9921240210533142 -0.0469110831618309 0.11614367365837097 0.0 
                              0.06638738512992859 0.9832104444503784 -0.16997036337852478 0.0 
                              -0.10622012615203857 0.17634229362010956 0.9785809516906738 0.0 
                              9.5367431640625e-07 3.3854894638061523 -2.86102294921875e-06 1.0 
                            }
                          }
                          <Joint> RightHandIndex4 {
                            <Transform> {
                              <Matrix4> {
                                2.16066837310791e-06 -0.9999999403953552 -3.948807716369629e-07 0.0 
                                -0.25721561908721924 -8.866190910339355e-07 0.9663541316986084 0.0 
                                -0.9663539528846741 -2.0712614059448242e-06 -0.2572157084941864 0.0 
                                -5.7220458984375e-06 2.599990129470825 9.5367431640625e-07 1.0 
                              }
                            }
                          }
                        }
                      }
                    }
                    <Joint> RightHandMiddle1 {
                      <Transform> {
                        <Matrix4> {
                          0.2490590512752533 -0.8108754754066467 -0.5295754671096802 0.0 
                          -0.9398710131645203 -0.3343068063259125 0.06986340135335922 0.0 
                          -0.23369130492210388 0.4803326725959778 -0.8453809022903442 0.0 
                          -10.759604454040527 0.4895610809326172 0.42779541015625 1.0 
                        }
                      }
                      <Joint> RightHandMiddle2 {
                        <Transform> {
                          <Matrix4> {
                            0.48373615741729736 0.03863091766834259 0.8743609189987183 0.0 
                            0.49086716771125793 0.815132737159729 -0.307584285736084 0.0 
                            -0.7246025204658508 0.5779845714569092 0.3753465414047241 0.0 
                            9.5367431640625e-07 5.616794586181641 9.5367431640625e-07 1.0 
                          }
                        }
                        <Joint> RightHandMiddle3 {
                          <Transform> {
                            <Matrix4> {
                              0.960617184638977 -0.0760803073644638 -0.2672573924064636 0.0 
                              -0.02344493567943573 0.9361685514450073 -0.3507687747478485 0.0 
                              0.27688467502593994 0.3432202935218811 0.8975158929824829 0.0 
                              9.5367431640625e-07 3.7363944053649902 9.5367431640625e-07 1.0 
                            }
                          }
                          <Joint> RightHandMiddle4 {
                            <Transform> {
                              <Matrix4> {
                                3.7401914596557617e-06 -0.9999998211860657 3.0249357223510742e-06 0.0 
                                -0.21654772758483887 2.086162567138672e-06 0.9762721061706543 0.0 
                                -0.9762720465660095 -4.276633262634277e-06 -0.21654774248600006 0.0 
                                0.0 2.2999958992004395 -9.5367431640625e-07 1.0 
                              }
                            }
                          }
                        }
                      }
                    }
                    <Joint> RightHandRing1 {
                      <Transform> {
                        <Matrix4> {
                          0.21208162605762482 -0.5925857424736023 -0.7770862579345703 0.0 
                          -0.9274663329124451 -0.37261635065078735 0.03102453052997589 0.0 
                          -0.30793994665145874 0.7141420245170593 -0.628628671169281 0.0 
                          -10.470207214355469 0.38785362243652344 -1.9363021850585938 1.0 
                        }
                      }
                      <Joint> RightHandRing2 {
                        <Transform> {
                          <Matrix4> {
                            0.7248353958129883 0.08286090195178986 0.6839209198951721 0.0 
                            0.4634893536567688 0.6758236289024353 -0.573096752166748 0.0 
                            -0.5096972584724426 0.7323908805847168 0.4514558017253876 0.0 
                            -4.76837158203125e-07 5.401301860809326 1.2814998626708984e-06 1.0 
                          }
                        }
                        <Joint> RightHandRing3 {
                          <Transform> {
                            <Matrix4> {
                              0.42438995838165283 -0.3369362950325012 -0.840456485748291 0.0 
                              -0.04422542825341225 0.9193683862686157 -0.3909035921096802 0.0 
                              0.9043987989425659 0.2030651569366455 0.3752695322036743 0.0 
                              -1.9073486328125e-06 3.3915867805480957 2.86102294921875e-06 1.0 
                            }
                          }
                          <Joint> RightHandRing4 {
                            <Transform> {
                              <Matrix4> {
                                -1.564621925354004e-06 -0.9999998807907104 -1.1920928955078125e-06 0.0 
                                -0.8565486669540405 7.897615432739258e-07 0.5160658955574036 0.0 
                                -0.5160660147666931 1.8998980522155762e-06 -0.8565487265586853 0.0 
                                2.86102294921875e-06 2.1999950408935547 1.9073486328125e-06 1.0 
                              }
                            }
                          }
                        }
                      }
                    }
                    <Joint> RightHandPinky1 {
                      <Transform> {
                        <Matrix4> {
                          0.12160556018352509 -0.2920142114162445 -0.9486517906188965 0.0 
                          -0.8914780616760254 -0.45237571001052856 0.024973541498184204 0.0 
                          -0.4364393949508667 0.842664897441864 -0.31533554196357727 0.0 
                          -9.971511840820312 -0.11915302276611328 -3.9540014266967773 1.0 
                        }
                      }
                      <Joint> RightHandPinky2 {
                        <Transform> {
                          <Matrix4> {
                            0.8439716100692749 0.12723997235298157 0.5210779309272766 0.0 
                            0.14944180846214294 0.877213716506958 -0.456248939037323 0.0 
                            -0.5151498317718506 0.46293196082115173 0.7213283777236938 0.0 
                            -9.5367431640625e-07 3.6528077125549316 0.0 1.0 
                          }
                        }
                        <Joint> RightHandPinky3 {
                          <Transform> {
                            <Matrix4> {
                              0.9854133725166321 0.028360456228256226 -0.16779763996601105 0.0 
                              -0.07273928821086884 0.9615985751152039 -0.264645516872406 0.0 
                              0.1538485288619995 0.27299076318740845 0.9496350884437561 0.0 
                              5.7220458984375e-06 2.7819957733154297 -3.337860107421875e-06 1.0 
                            }
                          }
                          <Joint> RightHandPinky4 {
                            <Transform> {
                              <Matrix4> {
                                2.9802322387695312e-08 -1.0 5.364418029785156e-07 0.0 
                                0.10319454967975616 5.960464477539062e-07 0.9946613907814026 0.0 
                                -0.994661271572113 -5.960464477539063e-08 0.10319433361291885 0.0 
                                -3.337860107421875e-06 2.899994373321533 4.76837158203125e-07 1.0 
                              }
                            }
                          }
                        }
                      }
                    }
                  }
                }
              }
            }
          }
        }
      }
      <Joint> LeftUpLeg {
        <Transform> {
          <Matrix4> {
            0.9799515008926392 -0.01611744798719883 -0.1985834240913391 0.0 
            0.07876983284950256 -0.884174644947052 0.4604679048061371 0.0 
            -0.1830039620399475 -0.4668785333633423 -0.8651788234710693 0.0 
            9.633794784545898 -3.2732901573181152 4.76837158203125e-07 1.0 
          }
        }
        <Joint> LeftLeg {
          <Transform> {
            <Matrix4> {
              0.9975422620773315 -0.06632252037525177 0.022599078714847565 0.0 
              0.014044802635908127 0.5052578449249268 0.8628540635108948 0.0 
              -0.06864501535892487 -0.8604159951210022 0.5049476623535156 0.0 
              -1.043081283569336e-06 41.7658576965332 9.5367431640625e-07 1.0 
            }
          }
          <Joint> LeftFoot {
            <Transform> {
              <Matrix4> {
                -0.43997272849082947 -0.5771355032920837 -0.6879961490631104 0.0 
                -0.13227151334285736 0.7994258403778076 -0.5860223770141602 0.0 
                0.8882163763046265 -0.16683164238929749 -0.42806413769721985 0.0 
                -8.344650268554688e-07 39.19915771484375 2.384185791015625e-07 1.0 
              }
            }
            <Joint> LeftToeBase {
              <Transform> {
                <Matrix4> {
                  -0.3004089295864105 -0.09345768392086029 0.9492207765579224 0.0 
                  0.8437424302101135 0.43806472420692444 0.3101578652858734 0.0 
                  -0.4448067545890808 0.8940721154212952 -0.05274435132741928 0.0 
                  2.384185791015625e-07 14.741154670715332 2.086162567138672e-07 1.0 
                }
              }
              <Joint> LeftFootToeBase_End {
                <Transform> {
                  <Matrix4> {
                    0.9959240555763245 -9.369105100631714e-07 0.09019674360752106 0.0 
                    0.09019675850868225 4.6938657760620117e-07 -0.9959239363670349 0.0 
                    9.024515748023987e-07 1.0 5.173496901988983e-07 0.0 
                    3.986060619354248e-07 10.168124198913574 2.384185791015625e-07 1.0 
                  }
                }
              }
            }
          }
        }
      }
      <Joint> RightUpLeg {
        <Transform> {
          <Matrix4> {
            0.8947523236274719 -0.06852728873491287 -0.44127365946769714 0.0 
            0.023986216634511948 -0.979354202747345 0.20072390139102936 0.0 
            -0.44591766595840454 -0.1901826411485672 -0.8746333718299866 0.0 
            -9.633797645568848 -3.2732994556427 -1.5944242477416992e-06 1.0 
          }
        }
        <Joint> RightLeg {
          <Transform> {
            <Matrix4> {
              0.8874680399894714 0.026592394337058067 -0.460101455450058 0.0 
              0.1429399996995926 0.9332205653190613 0.329647421836853 0.0 
              0.43814224004745483 -0.3583184778690338 0.8244024515151978 0.0 
              -2.384185791015625e-07 41.76587677001953 2.384185791015625e-06 1.0 
            }
          }
          <Joint> RightFoot {
            <Transform> {
              <Matrix4> {
                0.9962661862373352 -0.024577444419264793 -0.0827646479010582 0.0 
                -0.04321367293596268 0.6879516839981079 -0.7244688272476196 0.0 
                0.07474366575479507 0.7253401875495911 0.684320867061615 0.0 
                -4.414469003677368e-07 39.19920349121094 -5.513429641723633e-07 1.0 
              }
            }
            <Joint> RightToeBase {
              <Transform> {
                <Matrix4> {
                  0.9991371631622314 -0.01234105508774519 0.03965795412659645 0.0 
                  0.04063471779227257 0.48804622888565063 -0.8718714714050293 0.0 
                  -0.008595101535320282 0.8727306723594666 0.4881265163421631 0.0 
                  3.320164978504181e-07 14.741150856018066 -2.086162567138672e-07 1.0 
                }
              }
              <Joint> RightFootToeBase_End {
                <Transform> {
                  <Matrix4> {
                    0.9999999403953552 0.0003135132428724319 -0.00028457658481784165 0.0 
                    -0.00028457664302550256 -1.7326892702840269e-06 -1.0000001192092896 0.0 
                    -0.00031350835342891514 1.0000001192092896 -1.782835170160979e-06 0.0 
                    8.373754099011421e-07 10.168102264404297 -1.6577541828155518e-07 1.0 
                  }
                }
              }
            }
          }
        }
      }
    }
  }
