<CoordinateSystem> { Z-up } 
  <Group> walking {
    <Dart> { 1 }
    <Joint> Hips {
      <Transform> {
        <Matrix4> {
          1.0 0.0 0.0 0.0 
          0.0 -0.50721275806427 0.8618208765983582 0.0 
          0.0 -0.8618208765983582 -0.50721275806427 0.0 
          0.0 0.0 0.0 1.0 
        }
      }
      <Joint> Spine {
        <Transform> {
          <Matrix4> {
            1.0 0.0 0.0 0.0 
            0.0 0.8566088080406189 -0.5159662961959839 0.0 
            0.0 0.5159662961959839 0.8566088080406189 0.0 
            0.0 8.751343727111816 -3.3205180168151855 1.0 
          }
        }
        <Joint> Spine1 {
          <Transform> {
            <Matrix4> {
              1.0 0.0 0.0 0.0 
              0.0 0.9964509010314941 -0.08417656272649765 0.0 
              0.0 0.08417656272649765 0.9964509010314941 0.0 
              0.0 16.25484275817871 2.9802322387695312e-08 1.0 
            }
          }
          <Joint> Spine2 {
            <Transform> {
              <Matrix4> {
                1.0 -0.00011153599189128727 8.185387741832528e-06 0.0 
                0.00011026662832591683 0.9711052179336548 -0.23865199089050293 0.0 
                1.8669412384042516e-05 0.23865199089050293 0.97110515832901 0.0 
                0.0 13.700681686401367 2.086162567138672e-07 1.0 
              }
            }
            <Joint> Neck {
              <Transform> {
                <Matrix4> {
                  1.0 0.00011026660649804398 1.86694032890955e-05 0.0 
                  -0.00010393540287623182 0.8546852469444275 0.5191464424133301 0.0 
                  4.1288054489996284e-05 -0.5191464424133301 0.8546853065490723 0.0 
                  -0.0016115043545141816 14.537284851074219 0.45673060417175293 1.0 
                }
              }
              <Joint> Neck1 {
                <Transform> {
                  <Matrix4> {
                    1.0 6.339872203608987e-16 1.8246927406539992e-12 0.0 
                    7.589415207398531e-19 1.0 -0.0003483593463897705 0.0 
                    -1.8246927406539992e-12 0.0003483593463897705 0.9999999403953552 0.0 
                    6.591949208711867e-17 4.437878608703613 7.152557373046875e-07 1.0 
                  }
                }
                <Joint> Head {
                  <Transform> {
                    <Matrix4> {
                      1.0 6.765297957261884e-13 3.2584182747819046e-12 0.0 
                      -6.166399856011306e-19 0.9791185259819031 -0.20328977704048157 0.0 
                      -3.3279095625060595e-12 0.20328977704048157 0.9791185259819031 0.0 
                      6.678685382510707e-17 4.1170973777771 1.1920928955078125e-06 1.0 
                    }
                  }
                }
              }
            }
            <Joint> LeftShoulder {
              <Transform> {
                <Matrix4> {
                  -0.06633424013853073 -0.9818187952041626 -0.17785213887691498 0.0 
                  0.9856435656547546 -0.03674103692173958 -0.16479358077049255 0.0 
                  0.15526296198368073 -0.18623024225234985 0.9701606035232544 0.0 
                  6.14300537109375 10.868575096130371 -0.22825095057487488 1.0 
                }
              }
              <Joint> LeftArm {
                <Transform> {
                  <Matrix4> {
                    0.9856363534927368 0.08904971927404404 -0.14349576830863953 0.0 
                    -0.06644581258296967 0.9856364130973816 0.1552605777978897 0.0 
                    0.15526056289672852 -0.14349578320980072 0.9773961901664734 0.0 
                    5.960464477539063e-08 12.498625755310059 2.384185791015625e-07 1.0 
                  }
                }
                <Joint> LeftForeArm {
                  <Transform> {
                    <Matrix4> {
                      1.0 4.736544713575003e-16 -2.881026262002706e-08 0.0 
                      -3.9968028886505635e-15 1.0 -2.747802409463736e-15 0.0 
                      2.881023597467447e-08 -9.10389423522146e-16 1.0 0.0 
                      -4.542796887108125e-06 27.686994552612305 2.559816039138241e-07 1.0 
                    }
                  }
                  <Joint> LeftHand {
                    <Transform> {
                      <Matrix4> {
                        0.9999399185180664 0.010778031311929226 0.0019614628981798887 0.0 
                        -0.010774142108857632 0.9999399185180664 -0.001982731046155095 0.0 
                        -0.0019827152136713266 0.001961478963494301 0.9999960660934448 0.0 
                        -5.267900178296259e-06 27.873802185058594 4.209841790725477e-07 1.0 
                      }
                    }
                    <Joint> LeftHandThumb1 {
                      <Transform> {
                        <Matrix4> {
                          0.7467488646507263 0.27980926632881165 -0.6033845543861389 0.0 
                          0.23142538964748383 0.7412000298500061 0.6301309466362 0.0 
                          0.6235451102256775 -0.6101881265640259 0.4887351095676422 0.0 
                          1.0336170196533203 2.3623459339141846 2.6235668659210205 1.0 
                        }
                      }
                      <Joint> LeftHandThumb2 {
                        <Transform> {
                          <Matrix4> {
                            0.9391440153121948 -0.13294561207294464 0.31675541400909424 0.0 
                            0.18916139006614685 0.9698272943496704 -0.15379531681537628 0.0 
                            -0.28675156831741333 0.20435386896133423 0.9359557628631592 0.0 
                            2.1043233573436737e-06 4.513970375061035 4.2014289647340775e-06 1.0 
                          }
                        }
                        <Joint> LeftHandThumb3 {
                          <Transform> {
                            <Matrix4> {
                              0.9884328842163086 -0.10431714355945587 0.11008402705192566 0.0 
                              0.10870200395584106 0.9934722781181335 -0.03459562361240387 0.0 
                              -0.10575641691684723 0.04616179317235947 0.9933199882507324 0.0 
                              -1.1920928955078125e-06 5.178691864013672 -3.2186508178710938e-06 1.0 
                            }
                          }
                        }
                      }
                    }
                    <Joint> LeftHandMiddle1 {
                      <Transform> {
                        <Matrix4> {
                          0.999940037727356 -0.010774149559438229 -0.0019827154465019703 0.0 
                          0.010778037831187248 0.9999399781227112 0.0019614812918007374 0.0 
                          0.001961462665349245 -0.001982733141630888 0.9999961256980896 0.0 
                          -0.5011392831802368 10.469035148620605 0.45154207944869995 1.0 
                        }
                      }
                      <Joint> LeftHandMiddle2 {
                        <Transform> {
                          <Matrix4> {
                            1.0 -3.714662990183734e-18 -1.7207921199080545e-10 0.0 
                            -1.6386093769024408e-15 0.9999999403953552 4.635413214837576e-15 0.0 
                            1.7208040548055692e-10 -3.4349129951775827e-15 1.0 0.0 
                            -2.5011970592458965e-06 5.792106628417969 -3.924367319996236e-07 1.0 
                          }
                        }
                        <Joint> LeftHandMiddle3 {
                          <Transform> {
                            <Matrix4> {
                              1.0 -5.922666125438882e-17 -2.8398646417316167e-14 0.0 
                              -1.644097726884175e-15 1.0 4.64174224501946e-15 0.0 
                              1.5375692730200223e-14 -3.4349129951775827e-15 1.0 0.0 
                              -2.6369255010649795e-06 3.7132108211517334 -4.2440888137207367e-08 1.0 
                            }
                          }
                        }
                      }
                    }
                    <Joint> LeftHandIndex1 {
                      <Transform> {
                        <Matrix4> {
                          0.999940037727356 -0.01077414583414793 -0.001982715679332614 0.0 
                          0.010778035037219524 0.9999400973320007 0.0019614659249782562 0.0 
                          0.0019614631310105324 -0.001982717774808407 0.9999961256980896 0.0 
                          -0.49742391705513 10.395133018493652 2.7270967960357666 1.0 
                        }
                      }
                      <Joint> LeftHandIndex2 {
                        <Transform> {
                          <Matrix4> {
                            1.0 -7.78313164243559e-17 6.076556618994644e-11 0.0 
                            4.449131187978569e-15 1.0 1.836829909636524e-15 0.0 
                            -6.076508740626707e-11 -2.2654095227058867e-15 1.0 0.0 
                            -2.4432313239231007e-06 5.5493011474609375 5.5950636124180164e-08 1.0 
                          }
                        }
                        <Joint> LeftHandIndex3 {
                          <Transform> {
                            <Matrix4> {
                              1.0 -7.78313164243559e-17 -1.4259777644169518e-14 0.0 
                              4.450122216526856e-15 1.0 1.834874957594261e-15 0.0 
                              1.4735005479226543e-14 -2.2654095227058867e-15 1.0 0.0 
                              -2.5524575448798714e-06 3.3910980224609375 3.6487790566752665e-09 1.0 
                            }
                          }
                        }
                      }
                    }
                    <Joint> LeftHandRing1 {
                      <Transform> {
                        <Matrix4> {
                          0.999940037727356 -0.01077414583414793 -0.001982715679332614 0.0 
                          0.01077803410589695 0.999940037727356 0.001961485482752323 0.0 
                          0.0019614628981798887 -0.0019827375654131174 0.9999961256980896 0.0 
                          -0.21347345411777496 10.331753730773926 -1.8546034097671509 1.0 
                        }
                      }
                      <Joint> LeftHandRing2 {
                        <Transform> {
                          <Matrix4> {
                            1.0 -4.545856421324379e-17 6.07655037399013e-11 0.0 
                            1.223629724834193e-15 1.0 5.175794824197402e-17 0.0 
                            -6.076445596692182e-11 -4.0417659385896636e-15 1.0 0.0 
                            -1.6875250139491982e-06 5.4452056884765625 -1.1760321285692044e-06 1.0 
                          }
                        }
                        <Joint> LeftHandRing3 {
                          <Transform> {
                            <Matrix4> {
                              1.0 -4.5459411246191045e-17 -2.8530041556226043e-14 0.0 
                              4.778537218968083e-15 1.0 4.980553729855286e-17 0.0 
                              2.9580918064434775e-14 -4.890520480309258e-16 1.0 0.0 
                              -1.8072432794724591e-06 3.713203191757202 -8.30250428407453e-07 1.0 
                            }
                          }
                        }
                      }
                    }
                    <Joint> LeftHandPinky1 {
                      <Transform> {
                        <Matrix4> {
                          0.999940037727356 -0.010774146765470505 -0.001982715679332614 0.0 
                          0.010778035037219524 0.999940037727356 0.0019615397322922945 0.0 
                          0.001961462665349245 -0.0019827918149530888 0.9999961256980896 0.0 
                          0.178435280919075 10.019410133361816 -3.947600841522217 1.0 
                        }
                      }
                      <Joint> LeftHandPinky2 {
                        <Transform> {
                          <Matrix4> {
                            1.0 3.2554186668413976e-16 2.935960641270441e-10 0.0 
                            3.0190659813713466e-15 1.0 7.340688217602042e-15 0.0 
                            -2.935932885694825e-10 -7.442745523350818e-15 1.0 0.0 
                            -1.349824287899537e-06 3.676306962966919 -1.47881200973643e-06 1.0 
                          }
                        }
                        <Joint> LeftHandPinky3 {
                          <Transform> {
                            <Matrix4> {
                              1.0 3.2554186668413976e-16 -1.4397896530614698e-14 0.0 
                              3.0455899710816678e-15 1.0 7.331015101344398e-15 0.0 
                              1.718701508966313e-14 -7.442745523350818e-15 1.0 0.0 
                              -1.4452116374741308e-06 2.8113090991973877 -1.7186530385515653e-06 1.0 
                            }
                          }
                        }
                      }
                    }
                  }
                }
              }
            }
            <Joint> RightShoulder {
              <Transform> {
                <Matrix4> {
                  -0.06654440611600876 0.9817956686019897 0.17790213227272034 0.0 
                  -0.985638439655304 -0.03694679215550423 -0.16477841138839722 0.0 
                  -0.1552058458328247 -0.18631216883659363 0.9701539874076843 0.0 
                  -6.14139461517334 10.867220878601074 -0.2284805327653885 1.0 
                }
              }
              <Joint> RightArm {
                <Transform> {
                  <Matrix4> {
                    0.9856454133987427 -0.08902163803577423 0.14345045387744904 0.0 
                    0.06643269211053848 0.9856454133987427 0.15520823001861572 0.0 
                    -0.15520818531513214 -0.14345048367977142 0.9774110913276672 0.0 
                    5.066394805908203e-06 12.502567291259766 -4.76837158203125e-07 1.0 
                  }
                }
                <Joint> RightForeArm {
                  <Transform> {
                    <Matrix4> {
                      1.0 -2.205665959595436e-15 -1.5893261817723214e-08 0.0 
                      -8.881784197001252e-16 0.9999999403953552 4.163336342344337e-16 0.0 
                      1.5893263594080054e-08 4.886583894686894e-16 1.0 0.0 
                      1.3983719782117987e-07 27.686996459960938 -5.934600721957395e-08 1.0 
                    }
                  }
                  <Joint> RightHand {
                    <Transform> {
                      <Matrix4> {
                        0.9999608993530273 -0.007073486223816872 -0.005321303848177195 0.0 
                        0.0070449672639369965 0.9999608993530273 -0.0053589968010783195 0.0 
                        0.00535900192335248 0.005321298725903034 0.9999715685844421 0.0 
                        9.016807211992273e-07 27.87381935119629 -3.0854675969749223e-07 1.0 
                      }
                    }
                    <Joint> RightHandThumb1 {
                      <Transform> {
                        <Matrix4> {
                          0.7174286842346191 -0.3196702301502228 0.6189565062522888 0.0 
                          -0.247831329703331 0.7132519483566284 0.6556305885314941 0.0 
                          -0.6510574817657471 -0.6237649321556091 0.43248313665390015 0.0 
                          -0.9678487777709961 2.4976367950439453 2.5220069885253906 1.0 
                        }
                      }
                      <Joint> RightHandThumb2 {
                        <Transform> {
                          <Matrix4> {
                            0.9205194711685181 0.13786861300468445 -0.36556312441825867 0.0 
                            -0.213459312915802 0.9611464142799377 -0.17502173781394958 0.0 
                            0.32722964882850647 0.23914361000061035 0.9141832590103149 0.0 
                            1.430511474609375e-06 4.542740345001221 4.6584755182266235e-06 1.0 
                          }
                        }
                        <Joint> RightHandThumb3 {
                          <Transform> {
                            <Matrix4> {
                              0.9893763661384583 0.09503506124019623 -0.11001142859458923 0.0 
                              -0.09979081898927689 0.9942615032196045 -0.038550689816474915 0.0 
                              0.10571648180484772 0.049119263887405396 0.993182361125946 0.0 
                              -2.384185791015625e-07 5.0932745933532715 -2.2649765014648438e-06 1.0 
                            }
                          }
                        }
                      }
                    }
                    <Joint> RightHandIndex1 {
                      <Transform> {
                        <Matrix4> {
                          0.9999607801437378 0.00704496493563056 0.00535900192335248 0.0 
                          -0.007073482498526573 0.9999608397483826 0.005321316421031952 0.0 
                          -0.005321303382515907 -0.005359014496207237 0.9999715089797974 0.0 
                          0.4011140465736389 10.455009460449219 2.7702419757843018 1.0 
                        }
                      }
                      <Joint> RightHandIndex2 {
                        <Transform> {
                          <Matrix4> {
                            1.0 1.4693339928551104e-14 -6.076594782911116e-11 0.0 
                            4.553648595043527e-16 1.0 7.678501897626002e-17 0.0 
                            6.076554537326473e-11 -1.3997897079735117e-16 1.0 0.0 
                            1.4840766198176425e-06 5.376810073852539 -3.075965935295244e-07 1.0 
                          }
                        }
                        <Joint> RightHandIndex3 {
                          <Transform> {
                            <Matrix4> {
                              1.0 4.824859015633697e-16 -3.3650287006830443e-16 0.0 
                              4.551950823379874e-16 1.0 2.9752244030544113e-16 0.0 
                              -7.011908143960549e-17 8.206732819357465e-17 1.0 0.0 
                              1.5570706182188587e-06 3.3854997158050537 -7.567885518255935e-08 1.0 
                            }
                          }
                        }
                      }
                    }
                    <Joint> RightHandMiddle1 {
                      <Transform> {
                        <Matrix4> {
                          0.9999607801437378 0.007044966798275709 0.005359002389013767 0.0 
                          -0.00707348482683301 0.9999608397483826 0.005321298260241747 0.0 
                          -0.005321304313838482 -0.005358996335417032 0.9999715089797974 0.0 
                          0.4111953377723694 10.760333061218262 0.4876670241355896 1.0 
                        }
                      }
                      <Joint> RightHandMiddle2 {
                        <Transform> {
                          <Matrix4> {
                            1.0 1.2012128284785185e-14 -9.920863019985404e-10 0.0 
                            -7.424616477180734e-16 1.0 -1.7734625278194825e-15 0.0 
                            9.920885224445897e-10 2.1621820409404788e-15 1.0 0.0 
                            -2.476933332218323e-06 5.61680793762207 -5.973599854769418e-07 1.0 
                          }
                        }
                        <Joint> RightHandMiddle3 {
                          <Transform> {
                            <Matrix4> {
                              1.0 1.2012128284785185e-14 1.609026835922879e-14 0.0 
                              -7.272161134586801e-16 1.0 -1.7972095200122305e-15 0.0 
                              -1.3854179305508585e-14 2.1621820409404788e-15 1.0 0.0 
                              -2.3824986783438362e-06 3.736406087875366 -4.916443003821769e-07 1.0 
                            }
                          }
                        }
                      }
                    }
                    <Joint> RightHandRing1 {
                      <Transform> {
                        <Matrix4> {
                          0.9999607801437378 0.007044969126582146 0.005359002389013767 0.0 
                          -0.007073486689478159 0.9999608397483826 0.0053213052451610565 0.0 
                          -0.005321304313838482 -0.005359003320336342 0.9999715089797974 0.0 
                          0.32412993907928467 10.482903480529785 -1.8784511089324951 1.0 
                        }
                      }
                      <Joint> RightHandRing2 {
                        <Transform> {
                          <Matrix4> {
                            1.0 1.3042779340279378e-14 -9.920871901769601e-10 0.0 
                            4.0245584642661925e-16 1.0 -6.13999783904539e-16 0.0 
                            9.920884114222872e-10 7.651536603750161e-16 1.0 0.0 
                            -2.7123514882987365e-06 5.401307582855225 -2.6425084342918126e-07 1.0 
                          }
                        }
                        <Joint> RightHandRing3 {
                          <Transform> {
                            <Matrix4> {
                              1.0 1.3042779340279378e-14 1.5255505531248416e-14 0.0 
                              4.1077159238628834e-16 1.0 -6.395585795714639e-16 0.0 
                              -1.4006913745458639e-14 7.651536603750161e-16 1.0 0.0 
                              -2.6176307983405422e-06 3.391610860824585 -6.644617087658844e-07 1.0 
                            }
                          }
                        }
                      }
                    }
                    <Joint> RightHandPinky1 {
                      <Transform> {
                        <Matrix4> {
                          0.9999607801437378 0.007044965401291847 0.00535900192335248 0.0 
                          -0.007073483429849148 0.9999608397483826 0.005321337841451168 0.0 
                          -0.005321303382515907 -0.005359035916626453 0.9999715089797974 0.0 
                          -0.16858704388141632 9.991472244262695 -3.901463747024536 1.0 
                        }
                      }
                      <Joint> RightHandPinky2 {
                        <Transform> {
                          <Matrix4> {
                            1.0 1.7863980761767713e-14 -6.075433212071601e-11 0.0 
                            3.937818055302616e-16 1.0 1.5299937068013114e-15 0.0 
                            6.075085573487016e-11 -1.6184241582528971e-15 1.0 0.0 
                            4.214931550450274e-07 3.65281081199646 -1.6118892744998448e-06 1.0 
                          }
                        }
                        <Joint> RightHandPinky3 {
                          <Transform> {
                            <Matrix4> {
                              1.0 3.653126470082183e-15 -1.7138485183983143e-14 0.0 
                              3.923109328173545e-16 1.0 3.304994022936534e-15 0.0 
                              1.3659796255542037e-14 -1.6184224641870026e-15 1.0 0.0 
                              4.841821237278054e-07 2.781999349594116 -7.226587968034437e-07 1.0 
                            }
                          }
                        }
                      }
                    }
                  }
                }
              }
            }
          }
        }
      }
      <Joint> LeftUpLeg {
        <Transform> {
          <Matrix4> {
            1.0 0.0 0.0 0.0 
            0.0 -0.88209068775177 0.4710794687271118 0.0 
            0.0 -0.4710794985294342 -0.88209068775177 0.0 
            9.63379955291748 -2.8209986686706543 1.6602591276168823 1.0 
          }
        }
        <Joint> LeftLeg {
          <Transform> {
            <Matrix4> {
              0.9995583891868591 -0.0009097232832573354 -0.029702508822083473 0.0 
              0.00032143411226570606 0.9998037815093994 -0.0198048185557127 0.0 
              0.02971469610929489 0.019786519929766655 0.9993625283241272 0.0 
              -9.5367431640625e-07 41.765846252441406 7.450580596923828e-08 1.0 
            }
          }
          <Joint> LeftFoot {
            <Transform> {
              <Matrix4> {
                0.9998612403869629 -0.012984578497707844 -0.010433453135192394 0.0 
                0.004531906917691231 0.8147988319396973 -0.579725980758667 0.0 
                0.016028663143515587 0.5795981884002686 0.8147446513175964 0.0 
                1.775100827217102e-06 39.19917297363281 -2.086162567138672e-07 1.0 
              }
            }
            <Joint> LeftToeBase {
              <Transform> {
                <Matrix4> {
                  0.9991055130958557 -0.012434636242687702 0.04041773080825806 0.0 
                  0.040417782962322235 0.561848521232605 -0.8262521028518677 0.0 
                  -0.01243450678884983 0.8271466493606567 0.5618486404418945 0.0 
                  -1.1920928955078125e-07 14.741161346435547 -2.175569534301758e-06 1.0 
                }
              }
            }
          }
        }
      }
      <Joint> RightUpLeg {
        <Transform> {
          <Matrix4> {
            1.0 0.0 0.0 0.0 
            0.0 -0.88209068775177 0.4710794687271118 0.0 
            0.0 -0.4710794985294342 -0.88209068775177 0.0 
            -9.63379955291748 -2.8209986686706543 1.6602591276168823 1.0 
          }
        }
        <Joint> RightLeg {
          <Transform> {
            <Matrix4> {
              0.9995583891868591 -0.0009097232832573354 -0.029702508822083473 0.0 
              0.00032143411226570606 0.9998037815093994 -0.0198048185557127 0.0 
              0.02971469610929489 0.019786519929766655 0.9993625283241272 0.0 
              9.5367431640625e-07 41.765846252441406 7.450580596923828e-08 1.0 
            }
          }
          <Joint> RightFoot {
            <Transform> {
              <Matrix4> {
                0.9998612403869629 -0.012984578497707844 -0.010433453135192394 0.0 
                0.004531906917691231 0.8147988319396973 -0.579725980758667 0.0 
                0.016028663143515587 0.5795981884002686 0.8147446513175964 0.0 
                -1.3224780559539795e-07 39.19916915893555 -1.1920928955078125e-07 1.0 
              }
            }
            <Joint> RightToeBase {
              <Transform> {
                <Matrix4> {
                  0.9990887641906738 -0.012351124547421932 0.040854550898075104 0.0 
                  0.04073217511177063 0.5618447065353394 -0.8262394070625305 0.0 
                  -0.012748927809298038 0.8271504640579224 0.5618358254432678 0.0 
                  -1.1920928955078125e-07 14.741151809692383 -4.4405460357666016e-06 1.0 
                }
              }
            }
          }
        }
      }
    }
  }
